flow 1: (offset, delay, period) = (0,3,3), succ_prob = 0.3;
flow 2: (offset, delay, period) = (0,3,3), succ_prob = 0.6;

Rec_optimal_throughput_per_flow =

  -23.9669    0.9360
    0.3780    0.9360
    0.3780    0.9360
    0.3780    0.9360
    0.3780    0.9360
    0.3780    0.9360
    0.3780    0.9360
    0.3780    0.9360
    0.3780    0.9360
    0.3807    0.9306
    0.4230    0.8460
    0.4653    0.7614
    0.5076    0.6768
    0.5499    0.5922
    0.5922    0.5076
    0.6345    0.4230
    0.6570    0.3780
    0.6570    0.3780
    0.6570    0.3780
    0.6570    0.3780
    0.6570  -25.9610